Size	9,9
-1.629814	0.259494	-2.813585	-1.544548	-2.090503	0.830248	-2.077337	-0.742059	-1.540857	
-0.892573	-3.952875	-2.675683	-2.504003	-1.985691	-0.508370	-2.369476	-1.928897	-0.848170	
1.031210	0.653964	1.122551	0.572498	1.397642	-0.505507	2.408845	2.028265	0.528030	
-1.128141	-0.063976	-2.596757	-0.807713	-0.538592	0.857001	-1.626776	-1.226721	-0.683447	
-1.150197	-5.410655	-4.109920	-2.530410	-1.710398	-0.756769	-4.171842	-1.559315	-0.533918	
-1.466982	-1.557421	-1.632958	-1.204567	-1.935471	-0.488989	-1.846853	-2.119261	0.286767	
0.430323	0.636363	-1.128258	1.076031	2.021069	0.173331	0.416265	1.746561	-0.571520	
-1.184736	0.036220	0.082229	0.073080	0.787605	-0.170173	0.854654	1.341476	0.296697	
-6.007657	-8.392457	1.153197	-2.850479	-5.687653	-2.768880	-1.028537	-1.584159	-1.249861	
