Size	9,9
-0.267367	-2.371238	6.253425	0.213598	-1.013833	-2.684305	-2.839948	-3.920986	-0.332233	
-0.110293	-2.620491	7.278824	0.851828	0.272144	-1.860560	-4.116147	-3.634655	0.917683	
-0.818658	0.598150	-4.940192	-6.993283	-4.677124	-5.984623	1.690419	-0.730614	-5.219699	
-0.649083	3.255320	-10.205397	-6.134342	-2.285838	-4.541429	4.269181	2.252802	-3.842116	
-0.086235	-2.014168	2.180602	0.599130	1.195885	-0.384078	-0.240552	-0.573485	1.314405	
-0.402669	-1.686874	0.867704	-2.425123	-1.865265	-3.143317	0.244916	-1.341930	-1.076915	
0.183410	-0.846377	3.120650	2.389867	1.181021	1.946445	-2.238401	-0.262755	2.504873	
0.748291	-2.309573	7.469793	5.957520	3.681803	4.767550	-0.569843	1.477723	5.351315	
0.502709	-0.772521	1.320242	3.373089	2.730380	4.616908	1.068311	2.777530	3.955967	
