Size	9,9
0.119606	-0.129672	3.106921	1.446140	0.279512	3.476545	2.003875	0.027916	1.976121	
-0.838134	0.356182	-6.599996	-2.600577	3.115311	-9.376553	-1.614534	1.462151	-2.858672	
-0.241770	-0.210650	-2.472287	-1.593844	3.771573	-6.513451	-0.308308	2.193001	0.667146	
1.172531	-1.112367	8.965255	5.201464	-0.279974	12.991800	3.575359	-0.065347	6.224111	
-0.483989	0.740726	-1.678273	-2.589845	-3.329538	-1.117532	-1.604081	-1.076569	-1.645392	
-0.372763	-0.124518	-4.342388	-1.055311	2.330643	-6.060393	-0.336892	0.896867	0.158190	
0.269366	-1.212019	1.912737	2.068416	2.304841	3.050192	1.128612	1.561440	3.205471	
0.713381	-0.285647	4.900291	3.624924	-1.791106	8.936339	1.130354	-1.499256	2.685753	
1.370881	-1.071188	0.600329	0.231105	-0.938330	-0.241634	-1.154176	0.078357	-0.088703	
