Size	9,9
2.026352	1.616095	1.137514	1.257401	5.087069	1.876321	0.434029	0.485009	1.679292	
-0.341449	-0.866964	-2.893283	-0.722025	3.185363	1.414293	-1.719025	0.391172	0.368188	
-0.137016	-2.888080	-0.157869	-0.300495	-0.179440	-1.399334	-1.699261	-1.563752	-0.565019	
0.644379	1.598268	1.817483	0.742240	1.711833	0.582850	1.871730	1.149479	0.029235	
-0.330468	-2.662706	-0.740933	-0.787929	-1.469317	-0.262985	-1.701505	-1.881022	-0.770181	
1.397038	1.681401	2.537368	1.168349	2.838674	0.361618	2.973823	2.711746	0.192670	
-0.839747	-2.721495	-4.069674	-1.806120	5.671737	4.084020	-4.480767	-2.399565	0.122751	
-3.201329	-3.311117	-0.173391	-1.129145	-5.603190	-3.137535	-0.065322	-1.359819	-0.027117	
-0.877825	0.320263	1.510181	0.051015	-0.417043	-1.159468	0.433157	-0.056512	0.824429	
